2.374161299984424711e-01 1.740000000000000000e+02
2.097722979513192143e-01 1.200000000000000000e+02
1.828428670220133279e-01 1.200000000000000000e+02
2.253600365533364736e-01 1.020000000000000000e+02
2.510891981697385700e-01 6.000000000000000000e+01
3.386732549217215116e-01 5.400000000000000000e+01
8.483269944901541959e-02 4.900000000000000000e+01
3.647478027646399168e-01 3.000000000000000000e+01
4.570748984159586636e-01 2.400000000000000000e+01
3.931390037736918197e-01 2.400000000000000000e+01
3.068701738957061442e-01 2.400000000000000000e+01
2.630653249081955636e-01 2.400000000000000000e+01
3.754482037784273585e-01 2.100000000000000000e+01
4.816538176272575633e-01 1.200000000000000000e+01
3.528849577251171321e-01 1.200000000000000000e+01
2.884708167696402037e-01 1.200000000000000000e+01
1.950277249063890328e-01 1.200000000000000000e+01
6.574994537145962825e-01 6.000000000000000000e+00
5.673221785235859072e-01 6.000000000000000000e+00
4.166026377937123160e-01 6.000000000000000000e+00
1.444835482561887818e-01 6.000000000000000000e+00
