6.993086551709834509e-02 1.027520000000000000e+05
5.991622373814243369e-02 9.318400000000000000e+04
7.994204090715745226e-02 8.838400000000000000e+04
8.996441658589458823e-02 7.891200000000000000e+04
4.989113522731087463e-02 7.388800000000000000e+04
9.997944113747671280e-02 6.438400000000000000e+04
3.988964169925206249e-02 4.947200000000000000e+04
1.099953683698711854e-01 4.571200000000000000e+04
1.200252215691263447e-01 3.624000000000000000e+04
2.985939804799718836e-02 3.276800000000000000e+04
1.300530009638657114e-01 2.710400000000000000e+04
1.401260263130159056e-01 1.772800000000000000e+04
1.501637947203407208e-01 1.214400000000000000e+04
1.949282783861423438e-02 1.056000000000000000e+04
1.601694020976692778e-01 9.456000000000000000e+03
1.701784651209489463e-01 7.136000000000000000e+03
1.803943255712155136e-01 3.712000000000000000e+03
1.904867705810887324e-01 3.152000000000000000e+03
2.006299857033846945e-01 2.768000000000000000e+03
8.357018513787636479e-03 1.857000000000000000e+03
2.112845617212469607e-01 1.664000000000000000e+03
2.316613210090809338e-01 1.184000000000000000e+03
2.214561264774731475e-01 1.040000000000000000e+03
2.426160080475345537e-01 8.000000000000000000e+02
2.527571432664241780e-01 7.040000000000000000e+02
2.633470176347911251e-01 3.920000000000000000e+02
2.734548417952207267e-01 2.880000000000000000e+02
3.023703645347250446e-01 2.080000000000000000e+02
2.897675398210659004e-01 1.760000000000000000e+02
3.655058775379519398e-01 6.400000000000000000e+01
3.530745626366995626e-01 5.600000000000000000e+01
4.026974555296619074e-01 3.200000000000000000e+01
3.363103108001084807e-01 3.200000000000000000e+01
3.131566316128295835e-01 3.200000000000000000e+01
