6.993086551709816467e-02 1.027520000000000000e+05
5.991622373814201735e-02 9.318400000000000000e+04
7.994204090715729960e-02 8.838400000000000000e+04
8.996441658589511559e-02 7.891200000000000000e+04
4.989113522731021544e-02 7.388800000000000000e+04
9.997944113747629646e-02 6.438400000000000000e+04
3.988964169925233311e-02 4.947200000000000000e+04
1.099953683698710466e-01 4.571200000000000000e+04
1.200252215691277879e-01 3.624000000000000000e+04
2.985939804799558894e-02 3.276800000000000000e+04
1.300530009638668494e-01 2.710400000000000000e+04
1.401260263130159056e-01 1.772800000000000000e+04
1.501637947203410262e-01 1.214400000000000000e+04
1.949282783860703527e-02 1.056000000000000000e+04
1.601694020976699440e-01 9.456000000000000000e+03
1.701784651209486132e-01 7.136000000000000000e+03
1.803943255712148475e-01 3.712000000000000000e+03
1.904867705810890655e-01 3.152000000000000000e+03
2.006299857033857770e-01 2.768000000000000000e+03
8.357018513785671038e-03 1.857000000000000000e+03
2.112845617212472382e-01 1.664000000000000000e+03
2.316613210090813779e-01 1.184000000000000000e+03
2.214561264774731753e-01 1.040000000000000000e+03
2.426160080475348868e-01 8.000000000000000000e+02
2.527571432664239559e-01 7.040000000000000000e+02
2.633470176347910696e-01 3.920000000000000000e+02
2.734548417952214483e-01 2.880000000000000000e+02
3.023703645347258218e-01 2.080000000000000000e+02
2.897675398210656783e-01 1.760000000000000000e+02
3.655058775379531055e-01 6.400000000000000000e+01
3.530745626366980638e-01 5.600000000000000000e+01
4.026974555296621849e-01 3.200000000000000000e+01
3.363103108001063157e-01 3.200000000000000000e+01
3.131566316128300831e-01 3.200000000000000000e+01
