6.993086551709835896e-02 1.022400000000000000e+05
5.991622373814486230e-02 9.382400000000000000e+04
7.993325588240282609e-02 8.851200000000000000e+04
8.996441658589394985e-02 7.891200000000000000e+04
4.989113522731355305e-02 7.350400000000000000e+04
9.997944113747833650e-02 6.438400000000000000e+04
3.988964169925073022e-02 4.921600000000000000e+04
1.099953683698713935e-01 4.571200000000000000e+04
1.200252215691241658e-01 3.624000000000000000e+04
2.985939804800537278e-02 3.315200000000000000e+04
1.300530009638644624e-01 2.710400000000000000e+04
1.401260263130163219e-01 1.772800000000000000e+04
1.501637947203409429e-01 1.214400000000000000e+04
1.949282783863721946e-02 1.056000000000000000e+04
1.601694020976688337e-01 9.456000000000000000e+03
1.701784651209513333e-01 7.136000000000000000e+03
1.803943255712191496e-01 3.712000000000000000e+03
1.904867705810878997e-01 3.152000000000000000e+03
2.006299857033820577e-01 2.768000000000000000e+03
8.357018513807748863e-03 1.857000000000000000e+03
2.112845617212470994e-01 1.664000000000000000e+03
2.316613210090818498e-01 1.184000000000000000e+03
2.214561264774752014e-01 1.040000000000000000e+03
2.426160080475346092e-01 8.000000000000000000e+02
2.527571432664262874e-01 7.040000000000000000e+02
2.633470176347907921e-01 3.920000000000000000e+02
2.734548417952209487e-01 2.880000000000000000e+02
3.023703645347258218e-01 2.080000000000000000e+02
2.897675398210666220e-01 1.760000000000000000e+02
3.655058775379511071e-01 6.400000000000000000e+01
3.530745626367107204e-01 5.600000000000000000e+01
4.026974555296614633e-01 3.200000000000000000e+01
3.363103108001214148e-01 3.200000000000000000e+01
3.131566316128317484e-01 3.200000000000000000e+01
