3.473020661746824278e-02 1.506176000000000000e+06
4.473770941804361412e-02 1.391296000000000000e+06
5.473893800953750360e-02 1.150720000000000000e+06
2.472887231865221816e-02 1.140160000000000000e+06
6.474030245398063044e-02 8.073920000000000000e+05
7.474545429989987166e-02 5.740320000000000000e+05
1.471983179647318868e-02 4.584640000000000000e+05
8.475446424849174265e-02 3.423360000000000000e+05
9.476132973129548775e-02 2.304640000000000000e+05
1.047646369982201398e-01 1.539360000000000000e+05
1.147777675173842771e-01 9.668800000000000000e+04
4.713411137448070103e-03 8.134500000000000000e+04
1.247858940730647570e-01 6.268800000000000000e+04
1.347963654301962966e-01 4.179200000000000000e+04
1.448173591225881129e-01 2.656000000000000000e+04
1.548194238225523711e-01 2.358400000000000000e+04
1.648824537274372337e-01 1.230400000000000000e+04
1.749880853018014881e-01 7.264000000000000000e+03
1.952059675551488238e-01 5.616000000000000000e+03
1.851018517537323660e-01 5.280000000000000000e+03
2.052605264513785166e-01 3.472000000000000000e+03
2.152797385710582823e-01 2.720000000000000000e+03
2.257980702494280789e-01 1.696000000000000000e+03
2.475656550033435432e-01 5.920000000000000000e+02
2.364765478305663471e-01 3.680000000000000000e+02
2.800550520363312978e-01 2.720000000000000000e+02
2.901812728313571399e-01 2.560000000000000000e+02
2.681680548656192875e-01 2.560000000000000000e+02
2.579132600677434550e-01 2.240000000000000000e+02
3.170727853994430578e-01 1.600000000000000000e+02
3.027043795356570977e-01 1.600000000000000000e+02
3.767405214053471951e-01 8.000000000000000000e+01
4.000697541755920406e-01 6.400000000000000000e+01
3.317582025443971960e-01 6.400000000000000000e+01
3.435377645190433316e-01 1.600000000000000000e+01
