3.473020661746600152e-02 1.506176000000000000e+06
4.473770941804381535e-02 1.391296000000000000e+06
5.473893800953781585e-02 1.150720000000000000e+06
2.472887231865254429e-02 1.140160000000000000e+06
6.474030245397853489e-02 8.073920000000000000e+05
7.474545429990001044e-02 5.740320000000000000e+05
1.471983179647630771e-02 4.584640000000000000e+05
8.475446424849200633e-02 3.423360000000000000e+05
9.476132973129480774e-02 2.304640000000000000e+05
1.047646369982187103e-01 1.539360000000000000e+05
1.147777675173843603e-01 9.668800000000000000e+04
4.713411137450561166e-03 8.134500000000000000e+04
1.247858940730644794e-01 6.268800000000000000e+04
1.347963654302002379e-01 4.179200000000000000e+04
1.448173591225880019e-01 2.656000000000000000e+04
1.548194238225510944e-01 2.358400000000000000e+04
1.648824537274360402e-01 1.230400000000000000e+04
1.749880853017987958e-01 7.264000000000000000e+03
1.952059675551480467e-01 5.616000000000000000e+03
1.851018517537319497e-01 5.280000000000000000e+03
2.052605264513779060e-01 3.472000000000000000e+03
2.152797385710600864e-01 2.720000000000000000e+03
2.257980702494291059e-01 1.696000000000000000e+03
2.475656550033434045e-01 5.920000000000000000e+02
2.364765478305670132e-01 3.680000000000000000e+02
2.800550520363301876e-01 2.720000000000000000e+02
2.901812728313595269e-01 2.560000000000000000e+02
2.681680548656173446e-01 2.560000000000000000e+02
2.579132600677441212e-01 2.240000000000000000e+02
3.170727853994438350e-01 1.600000000000000000e+02
3.027043795356607614e-01 1.600000000000000000e+02
3.767405214053464735e-01 8.000000000000000000e+01
4.000697541755908748e-01 6.400000000000000000e+01
3.317582025444000826e-01 6.400000000000000000e+01
3.435377645190395013e-01 1.600000000000000000e+01
