3.473020661746791665e-02 1.506176000000000000e+06
4.473770941804405127e-02 1.391296000000000000e+06
5.473893800953734401e-02 1.150720000000000000e+06
2.472887231865231530e-02 1.140160000000000000e+06
6.474030245398043615e-02 8.073920000000000000e+05
7.474545429989976064e-02 5.740320000000000000e+05
1.471983179647341593e-02 4.584640000000000000e+05
8.475446424849195082e-02 3.423360000000000000e+05
9.476132973129559878e-02 2.304640000000000000e+05
1.047646369982200981e-01 1.539360000000000000e+05
1.147777675173843881e-01 9.668800000000000000e+04
4.713411137448121277e-03 8.134500000000000000e+04
1.247858940730644378e-01 6.268800000000000000e+04
1.347963654301961856e-01 4.179200000000000000e+04
1.448173591225878631e-01 2.656000000000000000e+04
1.548194238225524821e-01 2.358400000000000000e+04
1.648824537274372337e-01 1.230400000000000000e+04
1.749880853018016269e-01 7.264000000000000000e+03
1.952059675551491291e-01 5.616000000000000000e+03
1.851018517537325048e-01 5.280000000000000000e+03
2.052605264513783778e-01 3.472000000000000000e+03
2.152797385710581712e-01 2.720000000000000000e+03
2.257980702494282177e-01 1.696000000000000000e+03
2.475656550033434600e-01 5.920000000000000000e+02
2.364765478305660140e-01 3.680000000000000000e+02
2.800550520363307427e-01 2.720000000000000000e+02
2.901812728313573619e-01 2.560000000000000000e+02
2.681680548656189544e-01 2.560000000000000000e+02
2.579132600677436216e-01 2.240000000000000000e+02
3.170727853994433354e-01 1.600000000000000000e+02
3.027043795356565981e-01 1.600000000000000000e+02
3.767405214053470841e-01 8.000000000000000000e+01
4.000697541755921516e-01 6.400000000000000000e+01
3.317582025443963079e-01 6.400000000000000000e+01
3.435377645190428320e-01 1.600000000000000000e+01
